https://tinyurl.com/3rserxps
Lets assume n = 5,

1.
* * * * *
* * * * *
* * * * *
* * * * *

2.
*
* *
* * *
* * * *
* * * * *

3.
* * * * *
* * * *
* * *
* *
*

4.
              *
          *     *
       *     *     *
   *     *     *     *
*     *     *     *     *

5.   
 *
 *  *
 *  *  *
 *  *  *  *
 *  *  *  *  *
 *  *  *  *
 *  *  *
 *  *
 *

6.
  
*     *     *     *     *
   *     *     *     *
       *     *     *
          *     *
              *

 7. 
1
1 2
1 2 3
1 2 3 4
1 2 3 4 5

8.
1 2 3 4 5
1 2 3 4
1 2 3
1 2
1

9.
5 4 3 2 1
4 3 2 1
3 2 1
2 1
1

10.
5 4 3 2 1
5 4 3 2
5 4 3
5 4
5

11.
1 2 3 4 5
2 3 4 5
3 4 5
4 5
5

12.
5
4 5
3 4 5
2 3 4 5
1 2 3 4 5

13.
1
2 1
3 2 1
4 3 2 1
5 4 3 2 1
14.
5
5 4
5 4 3
5 4 3 2
5 4 3 2 1

15.
1
2 2
3 3 3
4 4 4 4
5 5 5 5 5

16.
5
4 4
3 3 3
2 2 2 2
1 1 1 1 1

17.
1 1 1 1 1
2 2 2 2
3 3 3
4 4
5

18.
5 5 5 5 5
4 4 4 4
3 3 3
2 2
1

19.
1
1 0
1 0 1
1 0 1 0
1 0 1 0 1

20.
0
0 1
0 1 0
0 1 0 1
0 1 0 1 0
21.
1 0 1 0 1
1 0 1 0
1 0 1
1 0
1

22.
0 1 0 1 0
0 1 0 1
0 1 0
0 1
0

23.
0
1 1
0 0 0
1 1 1 1
0 0 0 0 0

24.
1 1 1 1 1
0 0 0 0
1 1 1
0 0
1

25.
1
2 3
4 5 6
7 8 9 10
11 12 13 14 15

26.
1
3 2
6 5 4
10 9 8 7
15 14 13 12 11

27.
15 14 13 12 11
10 9 8 7
6 5 4
3 2
1
28.
11 12 13 14 15
7 8 9 10
4 5 6
2 3
1

29.
15
13 14
10 11 12
6 7 8 9
1 2 3 4 5

30.
1
1 2 1
1 2 3 2 1
1 2 3 4 3 2 1
1 2 3 4 5 4 3 2 1

31.
1 2 3 4 5 4 3 2 1
1 2 3 4 3 2 1
1 2 3 2 1
1 2 1
1

32.
5
4 5 4
3 4 5 4 3
2 3 4 5 4 3 2
1 2 3 4 5 4 3 2 1

33.
1 2 3 4 5 4 3 2 1
2 3 4 5 4 3 2
3 4 5 4 3
4 5 4
5

34.
1 3 5 7 9
1 3 5 7
1 3 5
1 3
1
35.
2
2 4
2 4 6
2 4 6 8
2 4 6 8 10

36.
2 4 6 8 10
2 4 6 8
2 4 6
2 4
2

37.
1 3 5 7 9
3 5 7 9
5 7 9
7 9
9

38.
1
2 4
1 3 5
2 4 6 8
1 3 5 7 9

39.
1 
2 6 
3 7 10 
4 8 11 13 
5 9 12 14 15

40.
2 2 4 4 6
2 4 4 6
2 4 6
4 6
6

41.
1 
1 2 
3 5 8 
13 21 34 55 
89 144 233 377 610
42.
                      9
                   7 9
                5 7 9
             3 5 7 9
          1 3 5 7 9

43. 
1
3 3
5 5 5
7 7 7 7
9 9 9 9 9

44.
	          0
                    2 2
                 4 4 4
              6 6 6 6
           8 8 8 8 8

45. 
1
2 2
3 3 3
4 4 4 4
5 5 5 5 5

46.
1
1 2
1 2 3
1 2 3 4
1 2 3 4 5

47.
            1
         1 2 1
      1 2 3 2 1
   1 2 3 4 3 2 1
1 2 3 4 5 4 3 2 1

48.
1 2 3 4 5 4 3 2 1
   1 2 3 4 3 2 1
      1 2 3 2 1
         1 2 1
            1
49. (Hard)
1
1 1 
1 2 1
1 3 3 1
1 4 6 4 1
1 5 10 10 5 1
1 6 15 20 15 6 1

50. (Hard)
             1
            1 1 
          1 2 1
        1 3 3 1
      1 4 6 4 1
   1 5 10 10 5 1
1 6 15 20 15 6 1

51.
     A
     A B
     A B C
     A B C D
     A B C D E

52.
     A B C D E
     A B C D
     A B C
     A B
     A

53.
     A
     B B
     C C C
     D D D D
     E E E E E

54.
     A A A A A
     B B B B
     C C C
     D D
     E
55.
     E D C B A
     D C B A
     C B A
     B A
     A

56.    
A
B B
C C C
D D D D
E E E E E

57.     
     	A
           B C
         D E F
        G H I J
      K L M N O

58.
     E
     D E
     C D E
     B C D E
     A B C D E

59.
     A B C D E
     B C D E
     C D E
     D E
     E

60.
                    E
                D E
            C D E
         B C D E
     A B C D E

61.
                   A
                A B
             A B C
         A B C D
      A B C D E
62.
 
                    *
               *        *
          *        *        *
     *        *        *        *
*        *        *        *        *
     *        *        *        *
          *        *        *
               *        *
                    *

65.

               E
           D E D
       C D E D C
    B C D E D C B
A B C D E D C B A
    B C D E D C B
       C D E D C
           D E D
               E
